
[baz]
Bar = 9.000000
Foo = 42

[bar]
Bar = 32.000000
Foo = 87

[foo]
Bar = 3.000000
Foo = 1

