
[baz]
Bar = 9.00000
Foo = 42

[bar]
Bar = 32.00000
Foo = 87

[foo]
Bar = 3.00000
Foo = 1

